-103.815677 -41.635569 -55.623214
-103.815677 -41.635569 -43.623214
-103.815677 -41.635569 -31.623214
-103.815677 -41.635569 -19.623214
-103.815677 -41.635569 -7.623214
-103.815677 -41.635569 4.376786
-103.815677 -41.635569 16.376786
-103.815677 -41.635569 28.376786
-103.815677 -41.635569 40.376786
-91.815677 -41.635569 -55.623214
-91.815677 -41.635569 -43.623214
-91.815677 -41.635569 -31.623214
-91.815677 -41.635569 -19.623214
-91.815677 -41.635569 -7.623214
-91.815677 -41.635569 4.376786
-91.815677 -41.635569 16.376786
-91.815677 -41.635569 28.376786
-91.815677 -41.635569 40.376786
-79.815677 -41.635569 -55.623214
-79.815677 -41.635569 -43.623214
-79.815677 -41.635569 -31.623214
-79.815677 -41.635569 -19.623214
-79.815677 -41.635569 -7.623214
-79.815677 -41.635569 4.376786
-79.815677 -41.635569 16.376786
-79.815677 -41.635569 28.376786
-79.815677 -41.635569 40.376786
-67.815677 -41.635569 -55.623214
-67.815677 -41.635569 -43.623214
-67.815677 -41.635569 -31.623214
-67.815677 -41.635569 -19.623214
-67.815677 -41.635569 -7.623214
-67.815677 -41.635569 4.376786
-67.815677 -41.635569 16.376786
-67.815677 -41.635569 28.376786
-67.815677 -41.635569 40.376786
-55.815677 -41.635569 -55.623214
-55.815677 -41.635569 -43.623214
-55.815677 -41.635569 -31.623214
-55.815677 -41.635569 -19.623214
-55.815677 -41.635569 -7.623214
-55.815677 -41.635569 4.376786
-55.815677 -41.635569 16.376786
-55.815677 -41.635569 28.376786
-55.815677 -41.635569 40.376786
-43.815677 -41.635569 -55.623214
-43.815677 -41.635569 -43.623214
-43.815677 -41.635569 -31.623214
-43.815677 -41.635569 -19.623214
-43.815677 -41.635569 -7.623214
-43.815677 -41.635569 4.376786
-43.815677 -41.635569 16.376786
-43.815677 -41.635569 28.376786
-43.815677 -41.635569 40.376786
-31.815677 -41.635569 -55.623214
-31.815677 -41.635569 -43.623214
-31.815677 -41.635569 -31.623214
-31.815677 -41.635569 -19.623214
-31.815677 -41.635569 -7.623214
-31.815677 -41.635569 4.376786
-31.815677 -41.635569 16.376786
-31.815677 -41.635569 28.376786
-31.815677 -41.635569 40.376786
-19.815677 -41.635569 -55.623214
-19.815677 -41.635569 -43.623214
-19.815677 -41.635569 -31.623214
-19.815677 -41.635569 -19.623214
-19.815677 -41.635569 -7.623214
-19.815677 -41.635569 4.376786
-19.815677 -41.635569 16.376786
-19.815677 -41.635569 28.376786
-19.815677 -41.635569 40.376786
-7.815677 -41.635569 -55.623214
-7.815677 -41.635569 -43.623214
-7.815677 -41.635569 -31.623214
-7.815677 -41.635569 -19.623214
-7.815677 -41.635569 -7.623214
-7.815677 -41.635569 4.376786
-7.815677 -41.635569 16.376786
-7.815677 -41.635569 28.376786
-7.815677 -41.635569 40.376786
4.184323 -41.635569 -55.623214
4.184323 -41.635569 -43.623214
4.184323 -41.635569 -31.623214
4.184323 -41.635569 -19.623214
4.184323 -41.635569 -7.623214
4.184323 -41.635569 4.376786
4.184323 -41.635569 16.376786
4.184323 -41.635569 28.376786
4.184323 -41.635569 40.376786
-103.815677 -29.635569 -55.623214
-103.815677 -29.635569 -43.623214
-103.815677 -29.635569 -31.623214
-103.815677 -29.635569 -19.623214
-103.815677 -29.635569 -7.623214
-103.815677 -29.635569 4.376786
-103.815677 -29.635569 16.376786
-103.815677 -29.635569 28.376786
-103.815677 -29.635569 40.376786
-91.815677 -29.635569 -55.623214
-91.815677 -29.635569 -43.623214
-91.815677 -29.635569 -31.623214
-91.815677 -29.635569 -19.623214
-91.815677 -29.635569 -7.623214
-91.815677 -29.635569 4.376786
-91.815677 -29.635569 16.376786
-91.815677 -29.635569 28.376786
-91.815677 -29.635569 40.376786
-79.815677 -29.635569 -55.623214
-79.815677 -29.635569 -43.623214
-79.815677 -29.635569 -31.623214
-79.815677 -29.635569 -19.623214
-79.815677 -29.635569 -7.623214
-79.815677 -29.635569 4.376786
-79.815677 -29.635569 16.376786
-79.815677 -29.635569 28.376786
-79.815677 -29.635569 40.376786
-67.815677 -29.635569 -55.623214
-67.815677 -29.635569 -43.623214
-67.815677 -29.635569 -31.623214
-67.815677 -29.635569 -19.623214
-67.815677 -29.635569 -7.623214
-67.815677 -29.635569 4.376786
-67.815677 -29.635569 16.376786
-67.815677 -29.635569 28.376786
-67.815677 -29.635569 40.376786
-55.815677 -29.635569 -55.623214
-55.815677 -29.635569 -43.623214
-55.815677 -29.635569 -31.623214
-55.815677 -29.635569 -19.623214
-55.815677 -29.635569 -7.623214
-55.815677 -29.635569 4.376786
-55.815677 -29.635569 16.376786
-55.815677 -29.635569 28.376786
-55.815677 -29.635569 40.376786
-43.815677 -29.635569 -55.623214
-43.815677 -29.635569 -43.623214
-43.815677 -29.635569 -31.623214
-43.815677 -29.635569 -19.623214
-43.815677 -29.635569 -7.623214
-43.815677 -29.635569 4.376786
-43.815677 -29.635569 16.376786
-43.815677 -29.635569 28.376786
-43.815677 -29.635569 40.376786
-31.815677 -29.635569 -55.623214
-31.815677 -29.635569 -43.623214
-31.815677 -29.635569 -31.623214
-31.815677 -29.635569 -19.623214
-31.815677 -29.635569 -7.623214
-31.815677 -29.635569 4.376786
-31.815677 -29.635569 16.376786
-31.815677 -29.635569 28.376786
-31.815677 -29.635569 40.376786
-19.815677 -29.635569 -55.623214
-19.815677 -29.635569 -43.623214
-19.815677 -29.635569 -31.623214
-19.815677 -29.635569 -19.623214
-19.815677 -29.635569 -7.623214
-19.815677 -29.635569 4.376786
-19.815677 -29.635569 16.376786
-19.815677 -29.635569 28.376786
-19.815677 -29.635569 40.376786
-7.815677 -29.635569 -55.623214
-7.815677 -29.635569 -43.623214
-7.815677 -29.635569 -31.623214
-7.815677 -29.635569 -19.623214
-7.815677 -29.635569 -7.623214
-7.815677 -29.635569 4.376786
-7.815677 -29.635569 16.376786
-7.815677 -29.635569 28.376786
-7.815677 -29.635569 40.376786
4.184323 -29.635569 -55.623214
4.184323 -29.635569 -43.623214
4.184323 -29.635569 -31.623214
4.184323 -29.635569 -19.623214
4.184323 -29.635569 -7.623214
4.184323 -29.635569 4.376786
4.184323 -29.635569 16.376786
4.184323 -29.635569 28.376786
4.184323 -29.635569 40.376786
-103.815677 -17.635569 -55.623214
-103.815677 -17.635569 -43.623214
-103.815677 -17.635569 -31.623214
-103.815677 -17.635569 -19.623214
-103.815677 -17.635569 -7.623214
-103.815677 -17.635569 4.376786
-103.815677 -17.635569 16.376786
-103.815677 -17.635569 28.376786
-103.815677 -17.635569 40.376786
-91.815677 -17.635569 -55.623214
-91.815677 -17.635569 -43.623214
-91.815677 -17.635569 -31.623214
-91.815677 -17.635569 -19.623214
-91.815677 -17.635569 -7.623214
-91.815677 -17.635569 4.376786
-91.815677 -17.635569 16.376786
-91.815677 -17.635569 28.376786
-91.815677 -17.635569 40.376786
-79.815677 -17.635569 -55.623214
-79.815677 -17.635569 -43.623214
-79.815677 -17.635569 -31.623214
-79.815677 -17.635569 -19.623214
-79.815677 -17.635569 -7.623214
-79.815677 -17.635569 4.376786
-79.815677 -17.635569 16.376786
-79.815677 -17.635569 28.376786
-79.815677 -17.635569 40.376786
-67.815677 -17.635569 -55.623214
-67.815677 -17.635569 -43.623214
-67.815677 -17.635569 -31.623214
-67.815677 -17.635569 -19.623214
-67.815677 -17.635569 -7.623214
-67.815677 -17.635569 4.376786
-67.815677 -17.635569 16.376786
-67.815677 -17.635569 28.376786
-67.815677 -17.635569 40.376786
-55.815677 -17.635569 -55.623214
-55.815677 -17.635569 -43.623214
-55.815677 -17.635569 -31.623214
-55.815677 -17.635569 -19.623214
-55.815677 -17.635569 -7.623214
-55.815677 -17.635569 4.376786
-55.815677 -17.635569 16.376786
-55.815677 -17.635569 28.376786
-55.815677 -17.635569 40.376786
-43.815677 -17.635569 -55.623214
-43.815677 -17.635569 -43.623214
-43.815677 -17.635569 -31.623214
-43.815677 -17.635569 -19.623214
-43.815677 -17.635569 -7.623214
-43.815677 -17.635569 4.376786
-43.815677 -17.635569 16.376786
-43.815677 -17.635569 28.376786
-43.815677 -17.635569 40.376786
-31.815677 -17.635569 -55.623214
-31.815677 -17.635569 -43.623214
-31.815677 -17.635569 -31.623214
-31.815677 -17.635569 -19.623214
-31.815677 -17.635569 -7.623214
-31.815677 -17.635569 4.376786
-31.815677 -17.635569 16.376786
-31.815677 -17.635569 28.376786
-31.815677 -17.635569 40.376786
-19.815677 -17.635569 -55.623214
-19.815677 -17.635569 -43.623214
-19.815677 -17.635569 -31.623214
-19.815677 -17.635569 -19.623214
-19.815677 -17.635569 -7.623214
-19.815677 -17.635569 4.376786
-19.815677 -17.635569 16.376786
-19.815677 -17.635569 28.376786
-19.815677 -17.635569 40.376786
-7.815677 -17.635569 -55.623214
-7.815677 -17.635569 -43.623214
-7.815677 -17.635569 -31.623214
-7.815677 -17.635569 -19.623214
-7.815677 -17.635569 -7.623214
-7.815677 -17.635569 4.376786
-7.815677 -17.635569 16.376786
-7.815677 -17.635569 28.376786
-7.815677 -17.635569 40.376786
4.184323 -17.635569 -55.623214
4.184323 -17.635569 -43.623214
4.184323 -17.635569 -31.623214
4.184323 -17.635569 -19.623214
4.184323 -17.635569 -7.623214
4.184323 -17.635569 4.376786
4.184323 -17.635569 16.376786
4.184323 -17.635569 28.376786
4.184323 -17.635569 40.376786
-103.815677 -5.635569 -55.623214
-103.815677 -5.635569 -43.623214
-103.815677 -5.635569 -31.623214
-103.815677 -5.635569 -19.623214
-103.815677 -5.635569 -7.623214
-103.815677 -5.635569 4.376786
-103.815677 -5.635569 16.376786
-103.815677 -5.635569 28.376786
-103.815677 -5.635569 40.376786
-91.815677 -5.635569 -55.623214
-91.815677 -5.635569 -43.623214
-91.815677 -5.635569 -31.623214
-91.815677 -5.635569 -19.623214
-91.815677 -5.635569 -7.623214
-91.815677 -5.635569 4.376786
-91.815677 -5.635569 16.376786
-91.815677 -5.635569 28.376786
-91.815677 -5.635569 40.376786
-79.815677 -5.635569 -55.623214
-79.815677 -5.635569 -43.623214
-79.815677 -5.635569 -31.623214
-79.815677 -5.635569 -19.623214
-79.815677 -5.635569 -7.623214
-79.815677 -5.635569 4.376786
-79.815677 -5.635569 16.376786
-79.815677 -5.635569 28.376786
-79.815677 -5.635569 40.376786
-67.815677 -5.635569 -55.623214
-67.815677 -5.635569 -43.623214
-67.815677 -5.635569 -31.623214
-67.815677 -5.635569 -19.623214
-67.815677 -5.635569 -7.623214
-67.815677 -5.635569 4.376786
-67.815677 -5.635569 16.376786
-67.815677 -5.635569 28.376786
-67.815677 -5.635569 40.376786
-55.815677 -5.635569 -55.623214
-55.815677 -5.635569 -43.623214
-55.815677 -5.635569 -31.623214
-55.815677 -5.635569 -19.623214
-55.815677 -5.635569 -7.623214
-55.815677 -5.635569 4.376786
-55.815677 -5.635569 16.376786
-55.815677 -5.635569 28.376786
-55.815677 -5.635569 40.376786
-43.815677 -5.635569 -55.623214
-43.815677 -5.635569 -43.623214
-43.815677 -5.635569 -31.623214
-43.815677 -5.635569 -19.623214
-43.815677 -5.635569 -7.623214
-43.815677 -5.635569 4.376786
-43.815677 -5.635569 16.376786
-43.815677 -5.635569 28.376786
-43.815677 -5.635569 40.376786
-31.815677 -5.635569 -55.623214
-31.815677 -5.635569 -43.623214
-31.815677 -5.635569 -31.623214
-31.815677 -5.635569 -19.623214
-31.815677 -5.635569 -7.623214
-31.815677 -5.635569 4.376786
-31.815677 -5.635569 16.376786
-31.815677 -5.635569 28.376786
-31.815677 -5.635569 40.376786
-19.815677 -5.635569 -55.623214
-19.815677 -5.635569 -43.623214
-19.815677 -5.635569 -31.623214
-19.815677 -5.635569 -19.623214
-19.815677 -5.635569 -7.623214
-19.815677 -5.635569 4.376786
-19.815677 -5.635569 16.376786
-19.815677 -5.635569 28.376786
-19.815677 -5.635569 40.376786
-7.815677 -5.635569 -55.623214
-7.815677 -5.635569 -43.623214
-7.815677 -5.635569 -31.623214
-7.815677 -5.635569 -19.623214
-7.815677 -5.635569 -7.623214
-7.815677 -5.635569 4.376786
-7.815677 -5.635569 16.376786
-7.815677 -5.635569 28.376786
-7.815677 -5.635569 40.376786
4.184323 -5.635569 -55.623214
4.184323 -5.635569 -43.623214
4.184323 -5.635569 -31.623214
4.184323 -5.635569 -19.623214
4.184323 -5.635569 -7.623214
4.184323 -5.635569 4.376786
4.184323 -5.635569 16.376786
4.184323 -5.635569 28.376786
4.184323 -5.635569 40.376786
-103.815677 6.364431 -55.623214
-103.815677 6.364431 -43.623214
-103.815677 6.364431 -31.623214
-103.815677 6.364431 -19.623214
-103.815677 6.364431 -7.623214
-103.815677 6.364431 4.376786
-103.815677 6.364431 16.376786
-103.815677 6.364431 28.376786
-103.815677 6.364431 40.376786
-91.815677 6.364431 -55.623214
-91.815677 6.364431 -43.623214
-91.815677 6.364431 -31.623214
-91.815677 6.364431 -19.623214
-91.815677 6.364431 -7.623214
-91.815677 6.364431 4.376786
-91.815677 6.364431 16.376786
-91.815677 6.364431 28.376786
-91.815677 6.364431 40.376786
-79.815677 6.364431 -55.623214
-79.815677 6.364431 -43.623214
-79.815677 6.364431 -31.623214
-79.815677 6.364431 -19.623214
-79.815677 6.364431 -7.623214
-79.815677 6.364431 4.376786
-79.815677 6.364431 16.376786
-79.815677 6.364431 28.376786
-79.815677 6.364431 40.376786
-67.815677 6.364431 -55.623214
-67.815677 6.364431 -43.623214
-67.815677 6.364431 -31.623214
-67.815677 6.364431 -19.623214
-67.815677 6.364431 -7.623214
-67.815677 6.364431 4.376786
-67.815677 6.364431 16.376786
-67.815677 6.364431 28.376786
-67.815677 6.364431 40.376786
-55.815677 6.364431 -55.623214
-55.815677 6.364431 -43.623214
-55.815677 6.364431 -31.623214
-55.815677 6.364431 -19.623214
-55.815677 6.364431 -7.623214
-55.815677 6.364431 4.376786
-55.815677 6.364431 16.376786
-55.815677 6.364431 28.376786
-55.815677 6.364431 40.376786
-43.815677 6.364431 -55.623214
-43.815677 6.364431 -43.623214
-43.815677 6.364431 -31.623214
-43.815677 6.364431 -19.623214
-43.815677 6.364431 -7.623214
-43.815677 6.364431 4.376786
-43.815677 6.364431 16.376786
-43.815677 6.364431 28.376786
-43.815677 6.364431 40.376786
-31.815677 6.364431 -55.623214
-31.815677 6.364431 -43.623214
-31.815677 6.364431 -31.623214
-31.815677 6.364431 -19.623214
-31.815677 6.364431 -7.623214
-31.815677 6.364431 4.376786
-31.815677 6.364431 16.376786
-31.815677 6.364431 28.376786
-31.815677 6.364431 40.376786
-19.815677 6.364431 -55.623214
-19.815677 6.364431 -43.623214
-19.815677 6.364431 -31.623214
-19.815677 6.364431 -19.623214
-19.815677 6.364431 -7.623214
-19.815677 6.364431 4.376786
-19.815677 6.364431 16.376786
-19.815677 6.364431 28.376786
-19.815677 6.364431 40.376786
-7.815677 6.364431 -55.623214
-7.815677 6.364431 -43.623214
-7.815677 6.364431 -31.623214
-7.815677 6.364431 -19.623214
-7.815677 6.364431 -7.623214
-7.815677 6.364431 4.376786
-7.815677 6.364431 16.376786
-7.815677 6.364431 28.376786
-7.815677 6.364431 40.376786
4.184323 6.364431 -55.623214
4.184323 6.364431 -43.623214
4.184323 6.364431 -31.623214
4.184323 6.364431 -19.623214
4.184323 6.364431 -7.623214
4.184323 6.364431 4.376786
4.184323 6.364431 16.376786
4.184323 6.364431 28.376786
4.184323 6.364431 40.376786
-103.815677 18.364431 -55.623214
-103.815677 18.364431 -43.623214
-103.815677 18.364431 -31.623214
-103.815677 18.364431 -19.623214
-103.815677 18.364431 -7.623214
-103.815677 18.364431 4.376786
-103.815677 18.364431 16.376786
-103.815677 18.364431 28.376786
-103.815677 18.364431 40.376786
-91.815677 18.364431 -55.623214
-91.815677 18.364431 -43.623214
-91.815677 18.364431 -31.623214
-91.815677 18.364431 -19.623214
-91.815677 18.364431 -7.623214
-91.815677 18.364431 4.376786
-91.815677 18.364431 16.376786
-91.815677 18.364431 28.376786
-91.815677 18.364431 40.376786
-79.815677 18.364431 -55.623214
-79.815677 18.364431 -43.623214
-79.815677 18.364431 -31.623214
-79.815677 18.364431 -19.623214
-79.815677 18.364431 -7.623214
-79.815677 18.364431 4.376786
-79.815677 18.364431 16.376786
-79.815677 18.364431 28.376786
-79.815677 18.364431 40.376786
-67.815677 18.364431 -55.623214
-67.815677 18.364431 -43.623214
-67.815677 18.364431 -31.623214
-67.815677 18.364431 -19.623214
-67.815677 18.364431 -7.623214
-67.815677 18.364431 4.376786
-67.815677 18.364431 16.376786
-67.815677 18.364431 28.376786
-67.815677 18.364431 40.376786
-55.815677 18.364431 -55.623214
-55.815677 18.364431 -43.623214
-55.815677 18.364431 -31.623214
-55.815677 18.364431 -19.623214
-55.815677 18.364431 -7.623214
-55.815677 18.364431 4.376786
-55.815677 18.364431 16.376786
-55.815677 18.364431 28.376786
-55.815677 18.364431 40.376786
-43.815677 18.364431 -55.623214
-43.815677 18.364431 -43.623214
-43.815677 18.364431 -31.623214
-43.815677 18.364431 -19.623214
-43.815677 18.364431 -7.623214
-43.815677 18.364431 4.376786
-43.815677 18.364431 16.376786
-43.815677 18.364431 28.376786
-43.815677 18.364431 40.376786
-31.815677 18.364431 -55.623214
-31.815677 18.364431 -43.623214
-31.815677 18.364431 -31.623214
-31.815677 18.364431 -19.623214
-31.815677 18.364431 -7.623214
-31.815677 18.364431 4.376786
-31.815677 18.364431 16.376786
-31.815677 18.364431 28.376786
-31.815677 18.364431 40.376786
-19.815677 18.364431 -55.623214
-19.815677 18.364431 -43.623214
-19.815677 18.364431 -31.623214
-19.815677 18.364431 -19.623214
-19.815677 18.364431 -7.623214
-19.815677 18.364431 4.376786
-19.815677 18.364431 16.376786
-19.815677 18.364431 28.376786
-19.815677 18.364431 40.376786
-7.815677 18.364431 -55.623214
-7.815677 18.364431 -43.623214
-7.815677 18.364431 -31.623214
-7.815677 18.364431 -19.623214
-7.815677 18.364431 -7.623214
-7.815677 18.364431 4.376786
-7.815677 18.364431 16.376786
-7.815677 18.364431 28.376786
-7.815677 18.364431 40.376786
4.184323 18.364431 -55.623214
4.184323 18.364431 -43.623214
4.184323 18.364431 -31.623214
4.184323 18.364431 -19.623214
4.184323 18.364431 -7.623214
4.184323 18.364431 4.376786
4.184323 18.364431 16.376786
4.184323 18.364431 28.376786
4.184323 18.364431 40.376786
-103.815677 30.364431 -55.623214
-103.815677 30.364431 -43.623214
-103.815677 30.364431 -31.623214
-103.815677 30.364431 -19.623214
-103.815677 30.364431 -7.623214
-103.815677 30.364431 4.376786
-103.815677 30.364431 16.376786
-103.815677 30.364431 28.376786
-103.815677 30.364431 40.376786
-91.815677 30.364431 -55.623214
-91.815677 30.364431 -43.623214
-91.815677 30.364431 -31.623214
-91.815677 30.364431 -19.623214
-91.815677 30.364431 -7.623214
-91.815677 30.364431 4.376786
-91.815677 30.364431 16.376786
-91.815677 30.364431 28.376786
-91.815677 30.364431 40.376786
-79.815677 30.364431 -55.623214
-79.815677 30.364431 -43.623214
-79.815677 30.364431 -31.623214
-79.815677 30.364431 -19.623214
-79.815677 30.364431 -7.623214
-79.815677 30.364431 4.376786
-79.815677 30.364431 16.376786
-79.815677 30.364431 28.376786
-79.815677 30.364431 40.376786
-67.815677 30.364431 -55.623214
-67.815677 30.364431 -43.623214
-67.815677 30.364431 -31.623214
-67.815677 30.364431 -19.623214
-67.815677 30.364431 -7.623214
-67.815677 30.364431 4.376786
-67.815677 30.364431 16.376786
-67.815677 30.364431 28.376786
-67.815677 30.364431 40.376786
-55.815677 30.364431 -55.623214
-55.815677 30.364431 -43.623214
-55.815677 30.364431 -31.623214
-55.815677 30.364431 -19.623214
-55.815677 30.364431 -7.623214
-55.815677 30.364431 4.376786
-55.815677 30.364431 16.376786
-55.815677 30.364431 28.376786
-55.815677 30.364431 40.376786
-43.815677 30.364431 -55.623214
-43.815677 30.364431 -43.623214
-43.815677 30.364431 -31.623214
-43.815677 30.364431 -19.623214
-43.815677 30.364431 -7.623214
-43.815677 30.364431 4.376786
-43.815677 30.364431 16.376786
-43.815677 30.364431 28.376786
-43.815677 30.364431 40.376786
-31.815677 30.364431 -55.623214
-31.815677 30.364431 -43.623214
-31.815677 30.364431 -31.623214
-31.815677 30.364431 -19.623214
-31.815677 30.364431 -7.623214
-31.815677 30.364431 4.376786
-31.815677 30.364431 16.376786
-31.815677 30.364431 28.376786
-31.815677 30.364431 40.376786
-19.815677 30.364431 -55.623214
-19.815677 30.364431 -43.623214
-19.815677 30.364431 -31.623214
-19.815677 30.364431 -19.623214
-19.815677 30.364431 -7.623214
-19.815677 30.364431 4.376786
-19.815677 30.364431 16.376786
-19.815677 30.364431 28.376786
-19.815677 30.364431 40.376786
-7.815677 30.364431 -55.623214
-7.815677 30.364431 -43.623214
-7.815677 30.364431 -31.623214
-7.815677 30.364431 -19.623214
-7.815677 30.364431 -7.623214
-7.815677 30.364431 4.376786
-7.815677 30.364431 16.376786
-7.815677 30.364431 28.376786
-7.815677 30.364431 40.376786
4.184323 30.364431 -55.623214
4.184323 30.364431 -43.623214
4.184323 30.364431 -31.623214
4.184323 30.364431 -19.623214
4.184323 30.364431 -7.623214
4.184323 30.364431 4.376786
4.184323 30.364431 16.376786
4.184323 30.364431 28.376786
4.184323 30.364431 40.376786
-103.815677 42.364431 -55.623214
-103.815677 42.364431 -43.623214
-103.815677 42.364431 -31.623214
-103.815677 42.364431 -19.623214
-103.815677 42.364431 -7.623214
-103.815677 42.364431 4.376786
-103.815677 42.364431 16.376786
-103.815677 42.364431 28.376786
-103.815677 42.364431 40.376786
-91.815677 42.364431 -55.623214
-91.815677 42.364431 -43.623214
-91.815677 42.364431 -31.623214
-91.815677 42.364431 -19.623214
-91.815677 42.364431 -7.623214
-91.815677 42.364431 4.376786
-91.815677 42.364431 16.376786
-91.815677 42.364431 28.376786
-91.815677 42.364431 40.376786
-79.815677 42.364431 -55.623214
-79.815677 42.364431 -43.623214
-79.815677 42.364431 -31.623214
-79.815677 42.364431 -19.623214
-79.815677 42.364431 -7.623214
-79.815677 42.364431 4.376786
-79.815677 42.364431 16.376786
-79.815677 42.364431 28.376786
-79.815677 42.364431 40.376786
-67.815677 42.364431 -55.623214
-67.815677 42.364431 -43.623214
-67.815677 42.364431 -31.623214
-67.815677 42.364431 -19.623214
-67.815677 42.364431 -7.623214
-67.815677 42.364431 4.376786
-67.815677 42.364431 16.376786
-67.815677 42.364431 28.376786
-67.815677 42.364431 40.376786
-55.815677 42.364431 -55.623214
-55.815677 42.364431 -43.623214
-55.815677 42.364431 -31.623214
-55.815677 42.364431 -19.623214
-55.815677 42.364431 -7.623214
-55.815677 42.364431 4.376786
-55.815677 42.364431 16.376786
-55.815677 42.364431 28.376786
-55.815677 42.364431 40.376786
-43.815677 42.364431 -55.623214
-43.815677 42.364431 -43.623214
-43.815677 42.364431 -31.623214
-43.815677 42.364431 -19.623214
-43.815677 42.364431 -7.623214
-43.815677 42.364431 4.376786
-43.815677 42.364431 16.376786
-43.815677 42.364431 28.376786
-43.815677 42.364431 40.376786
-31.815677 42.364431 -55.623214
-31.815677 42.364431 -43.623214
-31.815677 42.364431 -31.623214
-31.815677 42.364431 -19.623214
-31.815677 42.364431 -7.623214
-31.815677 42.364431 4.376786
-31.815677 42.364431 16.376786
-31.815677 42.364431 28.376786
-31.815677 42.364431 40.376786
-19.815677 42.364431 -55.623214
-19.815677 42.364431 -43.623214
-19.815677 42.364431 -31.623214
-19.815677 42.364431 -19.623214
-19.815677 42.364431 -7.623214
-19.815677 42.364431 4.376786
-19.815677 42.364431 16.376786
-19.815677 42.364431 28.376786
-19.815677 42.364431 40.376786
-7.815677 42.364431 -55.623214
-7.815677 42.364431 -43.623214
-7.815677 42.364431 -31.623214
-7.815677 42.364431 -19.623214
-7.815677 42.364431 -7.623214
-7.815677 42.364431 4.376786
-7.815677 42.364431 16.376786
-7.815677 42.364431 28.376786
-7.815677 42.364431 40.376786
4.184323 42.364431 -55.623214
4.184323 42.364431 -43.623214
4.184323 42.364431 -31.623214
4.184323 42.364431 -19.623214
4.184323 42.364431 -7.623214
4.184323 42.364431 4.376786
4.184323 42.364431 16.376786
4.184323 42.364431 28.376786
4.184323 42.364431 40.376786
